Loss[9.537681715829033, 10.799591609409877, 1.8961550337927682, 1.5386526244027274, 1.1021379487855094, 1.2411671025412423, 0.7797280124255589, 0.5496956706047058, 0.4848142904894693, 0.3289512459720884, 0.3450180845601218, 0.2036310008593968, 0.11658619769981929, 0.056456045380660465, 0.052073292434215546, 0.039517611132136414, 0.05710615111248834, 0.010539016553333827, 0.005944636982998678, 0.1308927365711757, 0.01855647869940315, 0.005137838473144386, 0.002548421874442803, 0.007284764266972031, 0.003901893838441798, 0.0009328051861042955, 0.0009028901175562558, 0.00966463245484712, 0.0038083533623388837, 0.004394383302756718]
L1[24.235, 25.91, 0.84, 0.905, 0.41, 0.5, 0.225, 0.115, 0.09, 0.135, 0.045, 0.115, 0.025, 0.0, 0.0, 0.0, 0.02, 0.0, 0.0, 0.0, 0.0, 0.0, 0.0, 0.0, 0.0, 0.0, 0.0, 0.0, 0.0, 0.0]
Time[102.9904593289998, 43.1185178180001, 47.30911842899991, 47.114218390999895, 48.16755868500013, 43.8736202529999, 46.41036575999988, 47.33538128000009, 47.15714376400001, 49.18517688199972, 44.413608385000316, 47.03352224700029, 47.13217808599984, 47.226768450000236, 48.84745190500007, 48.94574295499979, 45.270654066000134, 47.18447537999964, 49.61446586000011, 44.61244907499986, 44.537258812000346, 47.44486116500002, 47.30108046999976, 47.50026651100006, 44.42790020199982, 46.62270113999966, 47.421877788000074, 44.533750285000224, 50.0534525639996, 44.80079330699982]
Parameters163970007

Loss[13.409110614231654, 2.7352181502750943, 1.3800022772380285, 1.3370031118392944, 1.1047128438949585, 0.9789078661373684, 0.8354711617742266, 0.43581815702574594, 1.6340002162115914, 0.18056235568864004, 0.24199907694544112, 0.10587215636457716, 0.17949741227286203, 0.04091773022498403, 0.03678907347576959, 0.013457160509590591, 0.4698822668620518, 0.023884693692837442, 0.009122849042926515, 0.00915577937017328, 0.018686041635062014, 0.004455017624422908, 0.00323843934373664, 0.0271431886191879, 0.001998740414689694, 0.0007770576298103801, 0.00034341608573283466, 0.0022060793999116868, 0.0005482462126695152, 0.008251779380121402]
L1[23.745, 2.175, 0.55, 0.44, 0.445, 0.57, 0.24, 0.065, 3.095, 0.015, 0.035, 0.0, 0.02, 0.0, 0.0, 0.0, 0.075, 0.0, 0.0, 0.0, 0.0, 0.0, 0.0, 0.0, 0.0, 0.0, 0.0, 0.0, 0.0, 0.0]
Time[50.56633933100011, 49.76374015200008, 49.63583443200014, 52.55008329900011, 49.600866763999875, 50.064234166999995, 50.07625972799997, 50.74066433100006, 54.889396162999674, 49.92562180799996, 47.730059660999814, 50.23695124900041, 50.80933653200009, 51.71442925400015, 49.62383975800003, 50.200663278999855, 50.225072139000076, 46.89213860200016, 49.830865064000136, 47.03599454699997, 52.73527641400051, 53.081368861000556, 50.2946366999995, 47.93919003700012, 49.83879355699992, 52.14346882399968, 50.80591148699932, 47.70131450400004, 47.61765897500027, 47.314580457000375]
Parameters163970007

Loss[4.279158285685948, 16.52714252471924, 8.693030902317592, 10.670510700770787, 3.8168142523084367, 9.477589811597552, 1.6614972693579537, 4.536493710109165, 1.4460021427699499, 0.3763611188956669, 0.22495759384972708, 0.0971498755472047, 0.385591311114175, 8.067040034702845, 2.1381460428237915, 2.891315221786499, 0.335249947650092, 0.033902146986552646, 0.006833316957844155, 0.024576689515795027, 0.0026151984431115644, 0.0010076569243600325, 0.0010882967949977943, 0.003424227038132293, 0.008580564122114862, 0.0014949712827469089, 0.0007653652407628085, 0.01590910367667675, 0.001079121180477419, 0.011533989770604032]
L1[23.5, 14.805, 14.83, 14.295, 9.335, 24.425, 0.795, 9.1, 4.4, 0.165, 0.01, 0.005, 0.04, 19.175, 9.01, 7.535, 1.39, 0.0, 0.0, 0.005, 0.0, 0.0, 0.0, 0.0, 0.0, 0.0, 0.0, 0.0, 0.0, 0.0]
Time[54.27818066199961, 56.00671254600002, 51.94903582799998, 57.140984941999704, 53.96421740799997, 51.123700092000036, 53.717101823999656, 50.5261364120006, 55.32316038799945, 54.16524621799999, 57.30073863399957, 53.88514910000049, 59.038145854000504, 50.754234130999976, 51.71585486099957, 51.95051682200028, 56.04043878399989, 55.44070118200034, 55.63542836800025, 52.953940198000055, 54.03412779499922, 57.0923991489999, 52.87397133200011, 55.83484395799951, 51.609867072999805, 54.05303183700016, 54.25823996999952, 51.60674807000032, 51.448228868000115, 51.78631927499919]
Parameters163970007

Loss[22.120567321777344, 3.427779163633074, 13.52848734174456, 12.454793112618583, 10.362782205854144, 6.213230337415423, 9.125497545514788, 8.732792922428676, 2.157356466565813, 0.2524635238306863, 8.580402033669609, 4.397964715957642, 1.199315173285348, 0.041279662400484085, 0.21891784987279347, 0.06180999534470694, 0.03848113305866718, 0.007103165395424834, 0.002140725347479539, 2.439126627785819, 0.014561374937849385, 0.0027921196056662928, 0.0020670963151912603, 0.0004597348452080041, 0.002042662967661662, 0.00499889743514359, 0.00039287686481007507, 0.0005533688152874154, 0.0009328489083730217, 0.00021992201176804623]
L1[18.155, 6.82, 20.36, 21.005, 19.195, 14.685, 14.8, 19.655, 11.09, 0.04, 15.56, 16.86, 5.905, 0.0, 0.125, 0.0, 0.005, 0.0, 0.0, 6.31, 0.0, 0.0, 0.0, 0.0, 0.0, 0.0, 0.0, 0.0, 0.0, 0.0]
Time[48.84727369099983, 47.061309402000006, 43.85037597799965, 46.55532349399982, 48.95095941399995, 43.92886866599929, 44.12662450000062, 44.32570937999935, 46.91530615600004, 49.55106488199999, 44.83846196600007, 44.266598055999566, 44.30776773400066, 46.53536931599956, 46.705786874000296, 43.81819297900074, 46.3915680049995, 52.62216822499977, 47.77336932600065, 46.23427474099935, 43.467100845999994, 43.56976588700036, 46.45869977300026, 46.30112920299962, 46.26498344300035, 43.780572896000194, 47.68548984499921, 45.34691696000027, 45.090813324999544, 47.29789605699989]
Parameters163970007

