Loss[19.138232912336075, 10.183933530535016, 5.998479230063302, 4.3745269775390625, 3.5242385183061873, 4.970097609928676, 3.1930619307926724, 4.389330557414463, 2.2320512362888882, 3.7820374625069753, 1.8374571459633964, 3.8476810455322266, 1.8106925998415266, 1.48118828024183, 0.928627576146807, 1.518690926688058, 0.6811742186546326, 2.4507137026105608, 0.6823961309024266, 0.5926834430013385, 0.7833459462438311, 1.0162165420395988, 0.6030288551534925, 0.2661411889961788, 0.24135951910700118, 0.26377688135419575, 0.23178331979683467, 0.1359111320759569, 0.13547673581966332, 0.4777901534523283]
L1[17.155, 10.965, 18.69, 7.61, 8.69, 17.03, 4.74, 19.065, 2.63, 8.77, 0.79, 2.87, 1.625, 0.625, 0.455, 0.615, 0.295, 12.665, 0.24, 0.16, 0.245, 1.015, 0.27, 0.055, 0.02, 0.09, 0.095, 0.045, 0.03, 0.525]
Time[113.8332588230005, 98.61832753700219, 98.21381542199742, 100.01547962300174, 98.99049344299783, 93.89690477100157, 106.4628695149986, 93.2100673260029, 102.85067935100233, 94.0382610050001, 100.34136072099864, 94.18463855899972, 105.91645648999838, 99.25918947599712, 100.39439461700022, 94.40129747700121, 105.65533212700029, 94.98407127600149, 99.34679137299827, 98.48102269200172, 100.1130260280006, 94.32591222100018, 95.35241105100067, 100.81742484599818, 103.8270262110018, 94.60988262499814, 99.71559999999954, 98.85082575200067, 99.539557185999, 93.39144306899834]
Parameters312553713

Loss[17.406724657331193, 24.09777041843959, 3.827625410897391, 5.020852838243757, 5.068834168570382, 3.077488047736032, 2.1125099318368092, 2.864987816129412, 4.484235831669399, 1.667373640196664, 8.80680799484253, 1.4329724141529627, 1.9658700227737427, 2.961172103881836, 1.1446522644587926, 0.9434725897652763, 2.2847907543182373, 7.370228086199079, 0.5732885556561607, 1.7534584658486503, 0.7939964277403695, 0.6531062296458653, 0.760901825768607, 0.1948412890945162, 0.14140277888093675, 0.04017688573471138, 0.02730649204126426, 0.7158103627817971, 0.024036073391991004, 0.014795879667092646]
L1[27.7, 24.935, 3.98, 23.445, 9.835, 3.035, 1.17, 6.335, 9.385, 0.695, 25.065, 0.67, 6.215, 13.99, 0.585, 0.475, 10.14, 27.21, 0.15, 2.51, 0.59, 0.135, 2.53, 0.065, 0.175, 0.0, 0.005, 1.055, 0.0, 0.0]
Time[90.0173386489987, 79.11063233799723, 82.06819400399763, 82.01756759199998, 78.79577279600198, 80.76105421100146, 80.67726264399971, 77.26898752499983, 84.04281829800311, 80.5032419119998, 76.943934764, 80.81302000199867, 77.29022520199942, 77.4133533139975, 81.10883415100034, 84.39920578500096, 79.8022757639992, 77.09310733500024, 80.95080404599867, 77.04506904899972, 77.39216250299796, 78.81550445099856, 77.55093484700046, 85.39672165000229, 79.14599172900125, 81.623224373001, 79.54410689100041, 79.80243697199694, 79.10295584100095, 79.1132199149979]
Parameters163970007

Loss[]
L1[]
Time[]
Parameters2302013

Loss[7.009117330823626, 7.769674777984619, 4.886893136160714, 3.1758672509874617, 3.76127713067191, 3.0277910232543945, 2.3264186722891673, 3.40532762663705, 2.6555628776550293, 2.730320930480957, 4.276684761047363, 4.8151670183454245, 3.0490884440285817, 2.6453337328774587, 2.147042836461748, 1.9890274150030953, 2.1673416580472673, 2.4143220356532504, 2.0289059707096646, 2.0517592089516774, 1.8534034320286341, 1.9227108444486345, 1.72406462260655, 1.8319313015256609, 1.8246007135936193, 1.9662593773433141, 1.5503375019345964, 1.9049344744001115, 1.6789370264325822, 1.918987716947283]
L1[20.88, 9.13, 15.285, 3.58, 4.375, 2.98, 1.98, 4.05, 2.62, 5.6, 3.87, 7.275, 7.69, 2.0, 1.66, 1.32, 1.835, 1.885, 1.81, 1.955, 1.265, 1.485, 1.42, 1.195, 1.52, 1.605, 1.065, 0.9, 1.075, 1.315]
Time[119.4237393580006, 112.24871958099902, 114.71366755199779, 113.355322960997, 112.62955409099959, 119.36669235799855, 114.90693155799818, 113.04473533000055, 114.46605024499877, 113.89631917999941, 114.14887194199764, 112.91044736700132, 114.61665327800074, 113.86471634800182, 113.43836092100173, 115.45622314000138, 113.8311747480002, 112.5238001109974, 113.81802278399846, 112.87649648900333, 113.58279579000009, 113.05011740699774, 113.83361814199816, 112.56956889699723, 113.66933599599724, 112.72036753299835, 113.49051593600234, 113.92573082400122, 113.85923562199605, 115.02305636399979]
Parameters2302013

