Loss[10.716535704476494, 7.625718934195382, 4.6347247532435825, 5.40255205971854, 3.664663859776088, 9.702456201825823, 11.308248519897461, 4.764181137084961, 4.271382672446115, 3.1267145020621165, 1.9308788095201765, 2.172404476574489, 3.011399064745222, 1.3457472494670324, 1.0207094379833765, 2.47228935786656, 2.541532959256853, 1.5117542062486922, 1.1722159555980138, 0.6269526183605194, 0.6556226866585868, 0.37262329884937834, 1.0163439852850777, 0.448427425963538, 0.4790485458714621, 0.19062443929059164, 0.25790930007185253, 0.1317344717681408, 0.1251253049288477, 0.15182559298617498, 0.08733280215944562, 0.14782870773758208, 0.062456119007297924, 0.08239751242633377, 0.03550662313188825, 0.08692898441638265, 0.02675660074289356, 0.015828818348901614, 0.019194550013967922, 0.018480689663972174]
L1[12.995, 15.145, 7.76, 12.755, 10.055, 33.92, 26.63, 7.505, 8.59, 6.405, 0.81, 1.415, 2.405, 0.595, 0.365, 12.22, 9.385, 0.9, 0.575, 0.23, 0.28, 0.08, 1.31, 0.195, 0.22, 0.07, 0.09, 0.025, 0.035, 0.055, 0.015, 0.04, 0.01, 0.03, 0.005, 0.015, 0.0, 0.0, 0.0, 0.0]
Time[84.69143156700011, 84.69196270599969, 93.05198413400012, 78.16511045300012, 80.11686760399971, 75.18020469500061, 75.94628258499961, 74.73683958499987, 76.43645217700032, 82.73756989199956, 82.23084495400053, 73.78065068500018, 74.59971341100027, 77.14322259699838, 79.74527122499967, 77.84958382200057, 72.83736743100053, 78.75834780300102, 74.25525137699879, 79.40266637000059, 72.52284078299999, 78.025904352, 74.68533640200076, 73.43074230000093, 74.99434377699981, 80.64545635299874, 75.85585661699952, 78.3198766810001, 79.1380468669995, 75.6884767419997, 77.96820709399981, 72.42301472500003, 79.46102075299859, 75.2234487400001, 77.47751332900043, 71.44948367899997, 76.39702494500125, 78.18400707, 80.19064978400093, 72.1256271279999]
Parameters312553713

Loss[14.060812813895089, 4.7427312305995395, 5.661085265023368, 4.770778792245047, 4.903052057538714, 8.824408463069371, 4.535484654562814, 4.438872167042324, 5.4333415031433105, 1.9709548439298357, 2.736509016581944, 2.8236218861171176, 10.217842783246722, 3.9323734555925642, 4.146442549569266, 1.502263171332223, 1.4172799927847726, 3.6141171795981273, 1.229547721999032, 1.1307971732957023, 0.8863223195075989, 0.6938404866627285, 1.413848842893328, 0.6071311576025826, 2.3225404364722118, 0.4282467450414385, 0.39062961084502085, 0.2714212494237082, 0.12843213017497743, 3.075483356203352, 0.2698268549782889, 0.10118360285248075, 0.8774313713823046, 0.3980389620576586, 0.35050571816308157, 0.019460413871066912, 0.32721814938953947, 0.10364793347460884, 0.2780591824225017, 0.025714790980730737]
L1[20.72, 6.275, 23.855, 15.29, 20.635, 27.85, 12.14, 15.945, 18.99, 1.035, 6.21, 4.195, 25.82, 14.27, 13.03, 1.06, 0.725, 12.485, 0.56, 0.57, 0.42, 0.295, 3.08, 0.23, 4.545, 0.1, 0.125, 0.065, 0.035, 11.585, 0.04, 0.005, 3.695, 1.82, 0.125, 0.0, 0.01, 0.01, 0.01, 0.005]
Time[64.50075626199941, 68.50848125599987, 57.170467448000636, 56.94821041200157, 56.70507764700051, 59.467436569999336, 59.61671024899988, 59.642574606999915, 57.83032160499897, 64.92167857099957, 58.13734852299967, 61.745954677000555, 59.051713826000196, 57.07890966800005, 56.901320242999645, 60.15999163000015, 62.03225423500044, 57.906756418999066, 59.841705741000624, 60.25278129399885, 61.707110033999925, 63.72829684399949, 56.95271467400016, 60.62363286500113, 57.49959192500137, 59.27664538600038, 59.786365940000906, 62.40124779500002, 60.90583247199902, 57.984816461001174, 56.98981487899982, 64.89591612999902, 57.52308987499964, 57.99728641799993, 59.932025354999496, 60.73279888499928, 58.28901268499976, 57.621792288000506, 62.05967666700053, 56.563551429000654]
Parameters163970007

Loss[9.443322045462471, 5.5336344582693915, 4.295154844011579, 4.1840903759002686, 3.1298025335584367, 3.8121646472385953, 3.277703285217285, 2.534799337387085, 2.2490849835532054, 2.349871976034982, 2.569986411503383, 2.2720910140446255, 2.1655538763318742, 2.288893597466605, 2.543252876826695, 2.184871026447841, 2.2275610310690745, 1.8878785031182426, 3.254131419318063, 2.0701798370906284, 2.312152692249843, 1.7184162480490548, 2.2268316745758057, 2.0302628449031284, 2.248427016394479, 3.1905119759695872, 7.944508825029645, 2.861633743558611, 1.717893191746303, 1.8578911168234689, 1.7000925200326102, 1.5985734462738037, 1.2278019956180029, 1.9776581696101598, 2.4267464024680003, 1.674815229007176, 2.02382344858987, 2.021034138543265, 1.3404295955385481, 0.9750505770955767]
L1[13.35, 11.915, 13.765, 7.51, 3.48, 4.035, 4.125, 2.01, 1.81, 1.87, 2.18, 1.32, 1.615, 2.055, 2.27, 1.625, 1.625, 1.225, 3.06, 1.565, 5.63, 1.135, 1.965, 4.265, 3.44, 2.66, 9.79, 5.75, 1.195, 3.555, 1.77, 1.68, 0.61, 2.32, 4.75, 1.765, 3.63, 2.475, 0.735, 0.7]
Time[101.65336868899976, 85.78759268399881, 89.868627672, 84.00312364900128, 82.5384138870013, 84.53541226199923, 83.03490318399963, 83.80618703000073, 85.73785383500035, 87.69486431899895, 86.90014568600054, 83.83482391000143, 87.93255826799941, 83.76651819900144, 84.19315896199987, 85.39189599699966, 84.2988150730016, 86.21759433899933, 84.40240767099749, 85.38583557500169, 85.46792637399994, 82.96507492500314, 84.57828558999972, 83.44293264599764, 82.39092471599724, 84.47224908399949, 82.65531908699995, 84.68198735799888, 82.79335723600161, 84.29785964199982, 83.76927289499872, 82.09021359100007, 83.58148769900072, 82.05735769899911, 83.25330254299843, 84.1803996109993, 82.09459512299873, 84.09309073699842, 81.67538269400029, 83.70456574700074]
Parameters2302013

