Loss[32.81366811479841, 9.365128108433314, 3.8378469944000244, 1.2334401266915458, 0.8257341384887695, 0.45188059551375254, 0.5663302285330636, 0.2584949327366693, 0.19495815251554763, 0.08711843831198555, 0.05988868325948715, 0.04382180608808994, 0.050334337034395764, 0.018077781157834188, 0.08213089912065438, 0.016494080690400943, 0.037392314756289124, 0.02469718057130064, 0.006399266721148576, 0.024598623659195646, 0.012451022464249815, 0.008110022463370115, 0.01668493922001549, 0.012961671820708684, 0.004549007363883513, 0.011646440485492349, 0.014904273540845938, 0.0027989621573526946, 0.015721173092190708, 0.0018882037090536738]
L1[30.3, 20.595, 7.63, 0.445, 0.19, 0.145, 0.155, 0.015, 0.03, 0.0, 0.0, 0.01, 0.0, 0.0, 0.025, 0.0, 0.03, 0.0, 0.0, 0.015, 0.0, 0.0, 0.005, 0.005, 0.0, 0.0, 0.005, 0.0, 0.0, 0.0]
Time[85.51624966700001, 77.84313475999988, 74.7706921200006, 74.58608430100139, 77.09957669200048, 74.10919599199951, 69.14396829300131, 79.74305662500046, 76.11794130900125, 75.53089520700087, 72.93636103499921, 73.0027322320002, 69.4439375230013, 71.04376045599929, 69.09536746400045, 75.13969152700156, 67.90971881100086, 69.25413605600079, 78.09561995799959, 68.39067604400043, 68.23417594700004, 69.49684843400064, 69.97056857900134, 70.37625039999875, 72.60381177099953, 66.7107834239996, 68.5951926509988, 71.23857899799987, 67.70521502799966, 75.46955302700007]
Parameters312553713

Loss[26.809921264648438, 5.067436865397862, 1.0797693559101649, 1.7402579954692297, 0.5612780622073582, 0.42037217744759153, 0.2609906388180597, 0.12970205289976938, 0.07636728989226478, 0.03516555204987526, 0.23413003236055374, 0.07143904854144369, 0.03208130544849804, 0.020657187194696496, 0.010110461485705205, 0.054240090639463494, 0.028487134458763257, 0.012681098787912301, 0.005983595470232623, 0.0059968142637184686, 0.0019406136624248965, 0.0048238827647375205, 0.00216778480015429, 0.013071092427708209, 0.012923305953985878, 0.013099409673096878, 0.005962612090765366, 0.0064823739563247985, 0.00453923547840012, 0.002237252055367987]
L1[41.92, 8.44, 0.34, 5.575, 0.12, 0.225, 0.045, 0.015, 0.0, 0.0, 0.04, 0.025, 0.0, 0.0, 0.0, 0.04, 0.025, 0.0, 0.0, 0.0, 0.0, 0.0, 0.0, 0.0, 0.0, 0.0, 0.0, 0.0, 0.0, 0.0]
Time[89.34465560600074, 81.86591488599879, 75.82075243500003, 70.24889265400088, 79.48021260000132, 77.03966375900018, 76.85273830499864, 78.91516981600034, 78.1505806590012, 79.55495063600029, 76.81967215100121, 72.15046758899916, 79.04552985700138, 77.12623106599858, 78.82176360799895, 72.2022015750008, 70.75908358500055, 73.3597777619998, 77.30665658500038, 71.79573051199986, 78.20747262199984, 71.76656549699874, 71.09628918099952, 73.60348211500059, 71.71504225199897, 72.83589685299921, 75.39804675199957, 72.77319752399853, 73.33154130000003, 71.25741080399894]
Parameters312553713

Loss[105.280759538923, 38.876708439418245, 44.18038885934012, 10.01026725769043, 2.0878984246935164, 0.8500478352819171, 0.6343537398747036, 1.0312136581965856, 0.38325232693127226, 0.32367147718157085, 0.46524391429764883, 2.766999840736389, 0.10207655280828476, 0.11879962256976537, 0.1532344206103257, 0.21681216997759684, 1.562691364969526, 0.21266711396830423, 0.11798034089484385, 0.1027526892721653, 0.36195830149309977, 0.2174633283700262, 0.07650157756039075, 0.06544535128133637, 0.39461965433188845, 0.012051245596792017, 0.5462773186819894, 0.44378200599125456, 0.05077157448977232, 0.06051171411361013]
L1[28.225, 14.645, 14.675, 17.045, 0.81, 0.12, 0.13, 0.245, 0.095, 0.065, 0.13, 4.545, 0.0, 0.015, 0.03, 0.045, 1.02, 0.075, 0.045, 0.02, 0.115, 0.095, 0.0, 0.0, 0.12, 0.0, 0.635, 0.16, 0.025, 0.0]
Time[87.55940779799857, 79.27301535899824, 74.4967659970007, 79.86022196500016, 81.00789016099952, 78.45776574899901, 80.64760230899992, 78.22057111599861, 77.07499887199992, 79.75092198899983, 75.18431937900095, 75.93405438099944, 77.16489845100114, 73.54363359200033, 74.42105640199952, 80.6445100410001, 74.14932057200167, 74.0055516400007, 73.63567877700007, 73.93407309500071, 74.78601070399964, 73.03772770599971, 78.45925424799862, 82.2744650880013, 71.44960748300036, 80.5150060369997, 73.3486311889992, 72.33730687399839, 74.54950468100105, 71.29631038000116]
Parameters312553713

Loss[114.80137416294643, 14.960267611912318, 18.698477336338588, 8.781888689313616, 7.724670137677874, 13.421687943594796, 0.8517955711909703, 4.407607419150216, 11.42662947518485, 1.9645672695977348, 0.43465848905699594, 11.572609220232282, 2.3165797335760936, 2.477060317993164, 7.229497296469552, 1.7150431871414185, 0.06521652239773955, 9.195234094347272, 1.5004432201385498, 19.031511579241073, 0.7563464343547821, 0.034046348716531484, 0.15470127229179656, 0.3032998836466244, 7.55772944859096, 5.51224776676723, 3.8074089799608504, 0.005028155432747943, 0.010091479402035475, 0.48085516691207886]
L1[22.795, 13.155, 23.015, 20.285, 12.735, 13.845, 0.26, 15.47, 15.43, 9.865, 0.17, 9.87, 12.82, 3.61, 9.745, 2.66, 0.0, 11.425, 1.34, 18.62, 0.875, 0.0, 0.03, 0.1, 13.265, 8.925, 3.07, 0.0, 0.0, 0.125]
Time[71.14695801200105, 73.0013692600005, 74.36702347399842, 70.4663423819984, 76.7314366770006, 66.367877425997, 73.97892735300047, 70.1537879589996, 66.86984516899975, 64.9737043210007, 79.7641986339986, 67.29539182000008, 67.16002023399778, 67.46781013399959, 66.27593148500091, 67.24141727100141, 73.46933015800096, 65.57986278200042, 65.76363734099868, 71.3254474489986, 67.24043528999755, 70.15071054899818, 68.38257324300139, 65.43967957399946, 65.22317887399913, 66.81547271599993, 69.3963241149977, 70.81139255499875, 70.11636798400286, 67.52159634999771]
Parameters312553713

